[gd_scene load_steps=17 format=3 uid="uid://dmapucjd5ojl"]

[ext_resource type="PackedScene" uid="uid://ddhxiie06mrmx" path="res://Scenes/Player.tscn" id="1_56bp7"]
[ext_resource type="PackedScene" uid="uid://b31liu8vkiclc" path="res://Scenes/CutsceneManager.tscn" id="1_shafy"]
[ext_resource type="Script" path="res://Scripts/GameManager.gd" id="1_vlfal"]
[ext_resource type="PackedScene" uid="uid://b8t63rww7ob5v" path="res://Scenes/Environment.tscn" id="2_e6it4"]
[ext_resource type="PackedScene" uid="uid://ddq38gs1w1plm" path="res://Scenes/Platforms/Platform_T1.tscn" id="3_f5rx6"]
[ext_resource type="PackedScene" uid="uid://di560gvx02elj" path="res://Scenes/Platforms/Platform_T2.tscn" id="4_36ity"]
[ext_resource type="PackedScene" uid="uid://b7td8g327rc4e" path="res://Scenes/Platforms/Beam.tscn" id="5_cyhem"]
[ext_resource type="PackedScene" uid="uid://svjxtjf3tf0v" path="res://Scenes/Platforms/BeamStud.tscn" id="6_aupuw"]
[ext_resource type="PackedScene" uid="uid://boj1bp7r1llfm" path="res://Scenes/Plug.tscn" id="6_enur8"]
[ext_resource type="Script" path="res://Scripts/CameraStartMenu.gd" id="9_aaib2"]

[sub_resource type="Environment" id="Environment_erev4"]
glow_enabled = true
glow_intensity = 0.04
glow_strength = 0.85
glow_bloom = 0.12
glow_blend_mode = 0
fog_enabled = true
fog_light_color = Color(0.0562916, 0.0562916, 0.0562916, 1)
fog_light_energy = 2.0
fog_density = 0.1237
adjustment_enabled = true
adjustment_contrast = 1.17
adjustment_saturation = 1.09

[sub_resource type="WorldBoundaryShape3D" id="WorldBoundaryShape3D_cqsp5"]

[sub_resource type="BoxShape3D" id="BoxShape3D_y4jdj"]
size = Vector3(1.69976, 2.93, 1.60199)

[sub_resource type="Animation" id="Animation_vk72y"]
resource_name = "StartMenu_Light"
length = 10.0
loop_mode = 1
tracks/0/type = "value"
tracks/0/imported = false
tracks/0/enabled = true
tracks/0/path = NodePath(".:light_color")
tracks/0/interp = 2
tracks/0/loop_wrap = true
tracks/0/keys = {
"times": PackedFloat32Array(0, 2, 4, 6, 8, 10),
"transitions": PackedFloat32Array(1, 1, 1, 1, 1, 1),
"update": 0,
"values": [Color(0, 0.793301, 0.841238, 1), Color(1, 0.571737, 0.334534, 1), Color(0.935755, 0.493603, 1, 1), Color(4.81307e-07, 0.824855, 0.577743, 1), Color(0.660098, 0.756276, 0, 1), Color(0, 0.793301, 0.841238, 1)]
}
tracks/1/type = "value"
tracks/1/imported = false
tracks/1/enabled = false
tracks/1/path = NodePath("../OmniLight3D:light_energy")
tracks/1/interp = 1
tracks/1/loop_wrap = true
tracks/1/keys = {
"times": PackedFloat32Array(0, 0.233333, 0.5, 1.5, 1.8, 2.03333, 2.3, 3, 3.23333, 3.5, 4.46667, 4.7, 4.96667, 5.93333, 6.16667, 6.43333, 6.86667, 7.1, 7.36667, 7.9, 8.13333, 8.4, 9.3, 9.53333, 9.8),
"transitions": PackedFloat32Array(1, 1, 1, 1, 1, 1, 1, 1, 1, 1, 1, 1, 1, 1, 1, 1, 1, 1, 1, 1, 1, 1, 1, 1, 1),
"update": 0,
"values": [1.512, 1.867, 1.0, 1.73, 1.512, 1.867, 1.0, 1.512, 1.867, 1.0, 1.512, 1.867, 1.0, 1.512, 1.867, 1.0, 1.512, 1.867, 1.0, 1.512, 1.867, 1.0, 1.512, 1.867, 1.0]
}

[sub_resource type="Animation" id="Animation_uwuh2"]
length = 0.001
tracks/0/type = "value"
tracks/0/imported = false
tracks/0/enabled = true
tracks/0/path = NodePath(".:light_color")
tracks/0/interp = 1
tracks/0/loop_wrap = true
tracks/0/keys = {
"times": PackedFloat32Array(0),
"transitions": PackedFloat32Array(1),
"update": 0,
"values": [Color(0, 0.793301, 0.841238, 1)]
}
tracks/1/type = "value"
tracks/1/imported = false
tracks/1/enabled = true
tracks/1/path = NodePath("../OmniLight3D:light_energy")
tracks/1/interp = 1
tracks/1/loop_wrap = true
tracks/1/keys = {
"times": PackedFloat32Array(0),
"transitions": PackedFloat32Array(1),
"update": 0,
"values": [1.512]
}

[sub_resource type="AnimationLibrary" id="AnimationLibrary_3xiy3"]
_data = {
"RESET": SubResource("Animation_uwuh2"),
"StartMenu_Light": SubResource("Animation_vk72y")
}

[node name="Main" type="Node3D" node_paths=PackedStringArray("_CutsceneManager", "Player")]
script = ExtResource("1_vlfal")
_CutsceneManager = NodePath("CutsceneManager")
Player = NodePath("Player")

[node name="WorldEnvironment" type="WorldEnvironment" parent="."]
environment = SubResource("Environment_erev4")

[node name="Camera_Menu" type="Camera3D" parent="."]
transform = Transform3D(0.998659, 0.00134891, 0.0517489, -0.000399492, 0.999831, -0.0183526, -0.0517649, 0.0183073, 0.998492, -47.5813, 1.23798, 4.71011)
fov = 50.0
far = 1000.0
script = ExtResource("9_aaib2")

[node name="CutsceneManager" parent="." instance=ExtResource("1_shafy")]

[node name="Ground" type="StaticBody3D" parent="."]

[node name="Col_Ground" type="CollisionShape3D" parent="Ground"]
shape = SubResource("WorldBoundaryShape3D_cqsp5")

[node name="Player" parent="." instance=ExtResource("1_56bp7")]
transform = Transform3D(-0.653064, 0, -0.757303, 0, 1, 0, 0.757303, 0, -0.653064, 5.41875, 0, -12.4135)

[node name="Environment" parent="." instance=ExtResource("2_e6it4")]

[node name="Col_Goal" type="Area3D" parent="Environment"]
transform = Transform3D(0.968366, 0, 0.249535, 0, 1, 0, -0.249535, 0, 0.968366, 0, 48.0454, 0)

[node name="CollisionShape3D" type="CollisionShape3D" parent="Environment/Col_Goal"]
shape = SubResource("BoxShape3D_y4jdj")

[node name="AnimationPlayer" type="AnimationPlayer" parent="Environment"]
root_node = NodePath("SpotLight3D")
libraries = {
"": SubResource("AnimationLibrary_3xiy3")
}
autoplay = "StartMenu_Light"

[node name="SpotLight3D" type="SpotLight3D" parent="Environment/AnimationPlayer"]
transform = Transform3D(0.435064, -0.3452, -0.831599, 0.160021, 0.938529, -0.30587, 0.886066, -5.12679e-08, 0.463559, -57.1926, 0.707177, 0)
light_color = Color(0, 0.793301, 0.841238, 1)
light_energy = 7.26
light_volumetric_fog_energy = 0.0
spot_range = 14.566
spot_attenuation = -0.41
spot_angle = 22.6847
spot_angle_attenuation = 0.217637

[node name="OmniLight3D" type="OmniLight3D" parent="Environment/AnimationPlayer"]
transform = Transform3D(1, 0, 0, 0, 1, 0, 0, 0, 1, -55.6924, 4.2579, 2.76216)
light_color = Color(0.948549, 0.774725, 0.579113, 1)
light_energy = 1.512
omni_range = 19.223
omni_attenuation = 0.556

[node name="SpotLight3D2" type="SpotLight3D" parent="Environment"]
transform = Transform3D(0.158982, 0.933235, -0.322175, 0.0618609, 0.316268, 0.946651, 0.985342, -0.17043, -0.00745008, -49.3454, 7.82011, 0.721026)
light_color = Color(0.756553, 0.634854, 0.23741, 1)
light_energy = 16.0
light_volumetric_fog_energy = 0.0
spot_range = 11.2923
spot_attenuation = 0.39
spot_angle = 14.59
spot_angle_attenuation = 0.435274

[node name="Plug" parent="Environment" instance=ExtResource("6_enur8")]
transform = Transform3D(1, 0, 0, 0, 1, 0, 0, 0, 1, -45.6532, 1.207, 0.814812)

[node name="Platforms" type="Node3D" parent="."]

[node name="PlatformT1_0" parent="Platforms" instance=ExtResource("3_f5rx6")]
transform = Transform3D(1, 0, 0, 0, 1, 0, 0, 0, 1, -7.8941, 29.7656, -12.673)

[node name="PlatformT1_1" parent="Platforms" instance=ExtResource("3_f5rx6")]
transform = Transform3D(1, 0, 0, 0, 1, 0, 0, 0, 1, -9.48615, 9.11957, 6.79387)

[node name="PlatformT2_0" parent="Platforms" instance=ExtResource("4_36ity")]
transform = Transform3D(1.13487, 0, 0, 0, 1, 0, 0, 0, 1.13731, 17.6151, 4.34675, 0)

[node name="PlatformT2_4" parent="Platforms" instance=ExtResource("4_36ity")]
transform = Transform3D(0.866025, 0, 0.5, 0, 1, 0, -0.5, 0, 0.866025, 14.8681, 20.3643, -8.52756)

[node name="PlatformT2_5" parent="Platforms" instance=ExtResource("4_36ity")]
transform = Transform3D(-0.978126, 0, -0.208014, 0, 1, 0, 0.208014, 0, -0.978126, -16.9256, 39.0946, 4.25318)

[node name="PlatformT2_6" parent="Platforms" instance=ExtResource("4_36ity")]
transform = Transform3D(-0.824998, 0, 0.00197259, 0, 0.825, 0, -0.00197259, 0, -0.824998, -15.5184, 43.2187, -5.82419)

[node name="PlatformT2_7" parent="Platforms" instance=ExtResource("4_36ity")]
transform = Transform3D(-0.112648, 0, 0.993635, 0, 1, 0, -0.993635, 0, -0.112648, -6.28077, 43.8534, -13.4667)

[node name="PlatformT2_2" parent="Platforms" instance=ExtResource("4_36ity")]
transform = Transform3D(0.707107, 0, -0.707107, 0, 1, 0, 0.707107, 0, 0.707107, 13.5183, 7.85081, 11.3423)

[node name="PlatformT2_3" parent="Platforms" instance=ExtResource("4_36ity")]
transform = Transform3D(-0.293726, 0, -1.09856, 0, 1, 0, 1.0962, 0, -0.294357, -2.45775, 7.85081, 16.6602)

[node name="PlatformT2_1" parent="Platforms" instance=ExtResource("4_36ity")]
transform = Transform3D(0.866025, 0, 0.5, 0, 1, 0, -0.5, 0, 0.866025, 14.8744, 2.30541, -9.39054)

[node name="Beam" parent="Platforms" instance=ExtResource("5_cyhem")]
transform = Transform3D(1, 0, 0, 0, 1, 0, 0, 0, 1, 0, 17.5231, 0)

[node name="Beam2" parent="Platforms" instance=ExtResource("5_cyhem")]
transform = Transform3D(0.690277, 0, -0.723546, 0, 1, 0, 0.723546, 0, 0.690277, 0, 36, 0)

[node name="Beam3" parent="Platforms" instance=ExtResource("5_cyhem")]
transform = Transform3D(-0.999723, 0, 0.0235247, 0, 1, 0, -0.0235247, 0, -0.999723, -1.54522, 36, 8.41563)

[node name="BeamStud" parent="Platforms" instance=ExtResource("6_aupuw")]
transform = Transform3D(0.780037, 0, -0.625733, 0, 1, 0, 0.625733, 0, 0.780037, 10.6272, 22.5267, -13.0079)

[node name="BeamStud2" parent="Platforms" instance=ExtResource("6_aupuw")]
transform = Transform3D(0.934484, 0, -0.356004, 0, 1, 0, 0.356004, 0, 0.934484, 6.6868, 24.0394, -15.37)

[node name="BeamStud3" parent="Platforms" instance=ExtResource("6_aupuw")]
transform = Transform3D(0.997819, 0, -0.0660127, 0, 1, 0, 0.0660127, 0, 0.997819, 1.24167, 26.8875, -16.745)

[node name="BeamStud4" parent="Platforms" instance=ExtResource("6_aupuw")]
transform = Transform3D(0.980904, 0, 0.194491, 0, 1, 0, -0.194491, 0, 0.980904, -4.0116, 29.5222, -16.3518)

[node name="BeamStud5" parent="Platforms" instance=ExtResource("6_aupuw")]
transform = Transform3D(0.096363, 0, 2.22677, 0, 1, 0, -1.10365, 0, 0.194425, -15.9218, 41.6352, -1.07249)

[connection signal="body_entered" from="Environment/Col_Goal" to="." method="_on_col_goal_body_entered"]
